389.2892411512491
311.42734583982326
54.86654696524873
325.3671067863525
496.39205836495535
338.9800943110224
123.55390294852275
559.4488772320589
224.06702828855373
937.0278091460099
682.651398587666
292.24309607325006
735.8928520229573
879.6197080416525
329.2696244220144
157.8841851338948
7.212244389108391
294.6118066022192
947.2436417275942
795.3553295666064
641.7108970073501
666.9048146231413
244.66762536133112
237.58739605102875
723.8397974702225
885.8421369166377
151.59536509476078
821.0946479887702
876.7475753605809
458.8163403615925
978.1944133995406
823.4030486355896
909.4545547881975
992.5852169935199
989.7240819275448
393.1932329388044
570.5402289843688
18.677957060479145
98.01771795804814
401.02364297284674
155.88161147984192
171.41716459505162
806.9386197979004
181.77143998268187
283.40699431509864
928.2973802414609
304.4106606749162
867.5543273312594
670.4130907262552
585.0871532400013
215.16421178459223
314.2901546387777
920.0379322417107
200.58907679319893
531.8076958411355
669.5876040393738
300.2484180843983
203.23116819935083
650.1138735617963
916.5207561121096
79.98079926216262
425.5864718711545
695.3987655890807
669.8617241739116
488.7961855714138
984.4980023113498
92.4915973460848
873.0889217364314
28.284158589961585
252.82202966039534
627.670674788011
410.6492136904768
207.35188087416645
407.47826471303193
873.361598072198
418.00199410260586
138.4973079577887
441.91983527785527
103.07134581997701
13.128996965691808
19.30814981621132
317.82849387865866
382.51000951917734
182.7294693230729
54.14125446021423
68.81737591435677
47.56845947885835
257.33324398400936
245.7191423316979
8.117947554719397
224.10215807384137
0.85549834019083
725.2681270554963
697.9922916472931
460.87667847942305
877.9012847963976
430.0236525529608
790.5638661056328
913.8917611314818
544.6684872908614
170.6949436771512
888.8912748988403
770.6554701103523
784.2128691037119
232.97416621432677
553.4199641192754
881.6569764389365
383.2900446196431
349.4495297014314
479.1104323238107
424.0665585462806
128.87896483137652
821.7645039518976
682.9973327978263
496.7049372103902
426.7922610467552
428.8043198112025
332.6374861321262
38.81576815365706
715.2649669727696
650.7123950533776
719.1206556112928
158.62995302357396
233.7354157011403
852.8703382277276
611.8888424944073
148.50957542093624
490.2523996513621
165.31889254231902
638.2022220716782
703.2217896287732
992.9088982603167
914.8246894441703
870.1488839470543
71.4791028129319
409.5691935899123
276.3506218146602
811.9879092049808
247.88126942113342
575.3697824190682
809.3944864904626
823.4992349928
445.6978385698935
130.0348458599665
373.9989200325947
622.7695106440219
778.2954838139551
265.03465887562004
931.8382928398113
372.25081581678876
722.916849801799
947.8226645359564
475.53705389686604
786.8150235845566
600.4082029573844
573.8113858653139
452.21144221818474
597.4602204140758
226.73374472226791
813.3357453265567
555.1099718804177
332.8190057009224
9.737724682220229
692.558788403962
624.8285636111297
321.0710308701334
635.4940965952128
468.7103751599201
475.90965632444994
321.3699220508023
300.3096270225748
674.3585854802335
658.785669565118
406.00545798664353
603.9123205683806
609.6489161264689
626.0723940206832
708.2570188309
885.4535877763981
767.471603566599
149.6997639391676
169.7656514238658
743.8706592174404
71.77833407537759
206.9241661518817
660.2615757142169
312.4960794112799
714.0488182890056
910.7721167799375
323.412958642054
265.1177888843051
866.4743546442973
796.1283339802031
344.17071993402726
430.16153445529204
830.7740708158273
163.29814895938443
312.0471036645249
207.79615963715437
865.7161636349758
265.0848641637236
44.93736014945593
766.8171517429444
341.15608831419274
223.8463373723273
990.0000644529393
105.43936521295028
118.50034388632591
989.9597628984324
902.0581900612132
433.007534316171
404.9009185458752
595.8844412018368
943.1123174862645
615.462233687694
917.0905422142442
816.7211986108814
367.3738533365516
829.0839090907195
647.1796568207891
138.52512779501492
202.3696039668924
167.02363067084548
745.1240825591605
635.2046766557123
706.308793895388
945.3173432461131
737.5492481179223
232.25229290319982
171.02007285901965
70.01099907981478
41.51950085117284
31.33668674289869
333.7867758498797
961.724931514208
421.8022131885409
13.210900799781378
102.07713698555932
939.5278326385893
355.0860285863431
223.46777022368025
443.42312429255657
928.3314230649027
360.88227078380777
996.6063188182051
222.39180453586926
402.93519218399166
840.0351097963047
191.9568706360989
965.0584107894022
753.9126010225186
251.2536735456188
131.80475738845766
339.6757842991849
824.1272402106058
276.16021821464886
616.754854799206
725.7027864243312
131.2783285092266
279.04520580861004
214.1954588144459
517.1152979666267
533.4150069598633
216.28077915097344
337.2128422449091
523.7221820230461
470.36655556760707
136.79389273267938
831.6807580980144
762.1656164882021
905.3613854069063
873.9346591296191
982.3248153518639
15.400668848307376
829.4977503921202
859.3523081098676
578.2702805190805
997.4505553833112
598.4474668042424
932.1730066578739
240.1846808617567
428.57504672663515
728.0359656920187
126.2680778922195
670.4255844955113
193.71597369567817
141.92235851979927
765.0269534666223
768.842786104484
211.578525175792
519.1495364565692
837.9196593061457
32.00481642876141
332.4741059948779
365.35988044733756
926.604101682994
987.6806230682693
149.44427037839702
138.01582673858636
323.10314278414273
897.7047009869632
589.7055794605802
94.62970946696426
716.0625847277936
498.17162927915007
477.9244227381303
593.0705625661343
2.2522783841962823
843.0491404648374
76.73504699170985
917.4196091081184
839.9651327542047
893.916678080662
90.04406243656149
259.01859988569834
287.736580791761
560.867590491175
206.96286427141487
504.64980773371803
860.2434553447589
767.5814259405659
269.64065837283033
464.70436950039885
901.3553352902045
218.04874949097385
672.0884979612691
539.7255713475977
430.9715433416558
296.3134220430264
3.7812814697006925
763.8600931651567
3.3819377072377144
88.0480686927877
717.539679048312
888.364801199129
367.54865599915155
784.3301978311705
978.91427975639
205.75032109525014
678.3905863083407
300.1055344109331
100.85880977413886
23.490292384216293
420.94502743254503
180.5963616783841
58.135791258191574
560.8546795149225
75.79480428420982
91.1391908246364
110.12713589455203
543.261609579829
630.5367849116958
934.3485980932521
819.8422515363158
79.28788850393099
24.80074341808858
554.7299448362862
157.78402153040537
383.0067729380803
452.871812195381
294.3163108662433
369.64912081225987
758.1495072393079
471.9028287304295
288.76687067394545
571.6493876673779
374.7788313129089
783.1355551433128
427.4953211963701
244.40035540329774
832.8689336504865
824.7269056744708
249.17348812738905
746.6720386515952
126.05934251128036
348.099950962916
993.5819799136418
193.32339486225092
955.7411157453548
745.9569826308062
84.61499850853261
858.3770412641821
874.6629244398434
883.0166162974429
301.2790904086751
62.8498798537821
530.1077391105883
456.16990783232893
514.2672859491684
234.21483277969958
802.3568806254557
341.5667707901853
389.0339563968168
85.11138519986439
855.6100301751092
275.6732962952244
462.1384769851283
980.6452833109976
586.4232395426484
959.5362871934501
787.2627898559812
176.33353251024943
944.7085546805575
863.1427033031267
301.82476324516693
391.38695576973095
652.4050928875906
325.87838679514067
699.1483591201317
222.83118109786037
131.7065869144126
358.4906561776454
782.1674846926301
1.1016546932485216
99.18341381817042
714.5742098783661
451.7601095634388
84.05443787891853
764.2172150958993
813.2531615071349
896.0854479699262
933.8621813482739
573.4125849592004
328.741101080871
716.2647840378133
722.9637157771828
175.44049439502973
555.6183112303736
336.63493878514385
134.99689417689265
914.0578508835339
635.9287825989205
673.5619160182193
951.9864147539702
459.0174321108018
973.8096174887256
598.5106685280366
832.8250496652352
281.3893464926662
291.49226402870556
474.5273394068369
443.0869880154767
820.4767745198208
33.42048748359139
299.76861189555706
814.3790918993194
361.73246654282167
162.50348587969987
535.8887897220727
440.23379323292676
393.1593445389732
556.8814612148867
976.5468906916357
756.6607544754137
260.68676156583126
593.3377697591544
60.66047965039822
419.9996871833144
740.8443521368177
458.4972442635261
967.5065748746049
41.39867576404155
279.8360079640942
44.05380659091196
723.6813692075874
272.16100479931924
596.8113110732156
232.9735975090127
740.7588680934308
520.5433345370355
387.40951348240293
360.55820758318345
535.912156398366
372.8918637107366
391.8855923977335
849.4140674821903
218.60147800459094
59.864068239926624
305.43375927881056
473.759975840549
599.5381949559331
861.342876642336
121.73334397818891
404.35584504067066
65.51322879642596
947.8961817223471
969.4429975860363
966.7036811988354
145.75203682118976
697.3250196665307
363.71394284636904
679.6979316734237
649.929707334229
19.910345781333106
884.6276590073379
398.49134723653134
496.0749971252526
582.1074642690447
167.8877945197439
271.95099970774174
276.32617239096516
647.0855602383672
777.9581088795037
728.8463418223748
507.2793078722059
71.5991910694378
935.6749248945864
2.5695114165272814
816.8220588603078
78.22062750400482
485.0776649001768
699.8158880224408
996.6401881446263
655.0367269250848
96.25841097123266
222.72898734339051
117.98494132437021
460.4041680734143
225.15242330937136
714.9042099144604
862.89448277904
402.5848377192274
870.2137206282534
51.61132272460589
493.74970972330976
538.7815692520151
507.7361847098798
51.16481887316626
919.2160671526326
140.80313680926415
380.69772327482985
610.8656788433273
694.7235002397018
168.3103369892406
342.74003070215196
370.32452815849257
567.7838313985163
863.4360239805494
861.5577779268116
299.0284226300166
292.3673681493868
674.8269069273539
524.7320440197242
88.65413577612458
596.4245019235981
882.2985816316142
340.6661309006609
233.60307191411522
429.09186754827033
349.618042793602
734.3386111927887
549.1693613547333
756.9485159607932
592.5676731164492
344.96195405128407
385.5160098989022
247.27941190335713
211.9628007573765
470.64117905928117
561.3803345978563
846.9755459931358
306.95705951277216
296.90942852498335
502.34569028496844
196.94564037959373
777.7747980544411
471.249097847208
431.5592208577842
534.6956411513876
69.06105827976505
396.97402661263806
422.4267019760697
254.8968280096665
6.589658746147142
250.65524599653565
872.0446590518642
110.02349667569055
841.6037922798527
603.3535114216603
475.67475226275224
790.7739447048162
202.7461748495335
431.397067390673
681.9634389090801
286.77669141381966
72.47419194332704
818.8364364063951
88.65740270201294
951.6586267731589
50.00258893513021
27.61002370712251
752.3508569211016
564.0454415210685
1.041021995322855
543.0591088752728
247.32213266969939
654.3428595378207
804.6938855089021
297.9632172812321
968.3345494389579
940.5004265854969
527.680950362376
691.9348920443819
954.4462464455803
342.4154458673433
867.0998392217167
114.7523080637568
180.3340294563166
585.7290675278138
996.8144721625292
62.159589216074565
288.73803477795434
489.60872180905477
726.7861784801096
372.481611112541
885.487419917054
703.4961524421379
562.7050126609158
725.0461965450455
840.6552360679904
96.36538310553844
724.2065130845651
121.02526911101086
454.4484456039015
420.5516773912582
247.3085915425437
394.69301936650356
312.34395520463397
111.89606797396368
90.25993783042252
535.0407503045966
125.12427499828749
762.8567109126534
183.83288672984798
580.6080849061269
453.1672023065191
201.6620194314771
54.8724422771012
285.0351781963696
826.6725198967004
494.00104105307474
401.44566413207264
604.8551494189715
649.3983521215068
127.81918772688383
76.54568854074317
664.8355098820133
871.63757074228
233.40358004449234
919.0566472354255
43.845236178916224
3.526796946855315
779.1597580519548
566.0878581923953
198.7701086532887
179.75977153590105
807.176349480596
331.3017572311392
511.05098833734917
599.3338605906794
267.40052785893573
1.0986764969045382
590.0665543506958
80.8778433512699
35.446350100099664
635.1604551587263
456.32686054043967
354.88690275856925
524.2951900244592
286.9382573994156
483.4652904265244
307.73522750575097
642.8854438079512
441.1884108613213
415.03615798597525
568.6833729863417
84.16890101173291
999.3401494225466
367.1522192777024
838.5275418411137
987.7383892709307
265.30278737214485
843.9671857591788
417.0229262198046
854.8262722599295
137.34678383564503
61.245954410714454
511.57343839389824
884.5578553273773
115.15362702515964
444.635676626702
224.29573400489332
46.15628231238311
855.292735853999
925.5377365375716
968.3850696100938
15.532016643349689
795.2357043051168
213.40355663649234
513.5756532011213
880.2720020735775
843.6672231406578
496.3431991171292
536.3679785940197
351.8797785229175
855.2056212971371
668.8680062946868
698.4752620888587
573.1123063427564
927.9146629735366
665.8452203768525
42.18119519496288
557.0640803791557
339.4302961656712
740.2712162287863
728.9336348409961
259.68102055724194
409.8780644223526
437.57047942244674
873.55531788267
3.247901718390067
237.65105727078196
178.19785722276205
600.7630169505829
347.32973195701254
153.3520639593169
639.4297287227719
822.8178221079945
157.1104204637197
294.65741191565917
314.2144168957071
283.84941485437867
944.0236937380312
393.6568345468687
663.0911070872196
543.0608545013613
169.02874282837865
247.97442833042592
215.1237891219623
856.3014013371289
645.8068752930817
993.2623502673857
36.582162106667425
470.30344339486464
329.2864736029134
388.75492431193794
468.68285013003765
766.0079011388157
870.3694396666629
186.9241512547305
784.783835409405
877.065458461261
407.98099707420874
354.35125704411695
21.93741303803598
891.5940334339339
439.59803399749995
129.18013520798144
502.6102279728799
492.2434805642972
962.0707205021165
51.17451558266162
335.86931469289874
884.7558571845947
400.8700008113617
261.9347544767913
79.63614626070148
609.1331380360891
719.9112667040768
344.9589002963056
196.1266398250373
977.9313900786781
712.3559090533339
995.9656775491653
198.762826383173
841.0792555685263
85.8340135839254
85.07905066809352
617.9632143945358
404.12972749461227
869.7019928036967
938.4898981677462
188.92697469998132
796.4272501317754
271.20363483814623
489.65718800905654
979.685387948108
189.12713185971174
771.7273503101297
332.6474156809882
934.9631843194225
616.400801268758
877.7269394298838
717.1009051359284
303.3790789185318
154.39424342425602
838.8653380845502
344.5923450051772
835.8752565992826
598.8254085840399
493.28402004748284
897.2293091558504
780.3242384902791
777.4275394377355
253.10139179877865
176.2932165205625
171.08290863340235
325.47991950063613
8.27813651754916
556.947273410038
387.94935440426934
867.5244987380149
779.3396631719219
600.1196018623281
257.6120387695145
1.7786248891920042
643.3441170462603
205.74478839109744
126.73196666988495
951.6479180202284
807.4660562880633
368.6257513474186
818.4245347631082
457.15025421929346
711.3872722052303
173.94398823161129
482.85182469561585
260.52775832113207
769.2371753916576
316.9074875112625
273.7378203508205
115.75409179932905
314.2889802070369
632.819238110657
440.47527968699274
789.6068051255173
690.5495072026613
708.3505866470804
513.8720228722548
969.2261426577345
689.9105031823732
688.6896614083412
839.1902961203107
473.1362686596844
117.8783159239789
380.1996523132234
493.4848844373201
875.2130892186415
3.917920422916943
896.8459364833367
375.72423721458057
859.2271982816768
265.23898318208404
268.6404678859453
172.28872860918054
710.2880312812616
808.2272294038536
781.4688901934015
622.2202998620087
906.6794532410222
918.0525935290939
612.9807967215309
340.48326523760187
557.1857875884517
479.7982398507743
3.7848794541606168
55.995981296859895
112.47889311018055
691.1641201533115
865.939798391372
124.1565884071878
816.1107107190534
224.37581795296168
211.0786760162303
167.23297194153562
725.9031497100696
591.7454194024698
977.9676668275729
223.1161806246502
826.945380053053
177.77843175408358
995.8439750236711
24.85325913843606
7.427852190109885
699.1269822007523
448.16955126553614
801.2563048316357
483.9851801106039
42.377212040168864
604.5030285281118
196.50007678382053
574.7627397114067
531.3027429711339
773.1378241961462
191.41143053635722
341.03753758101476
4.8945287263642
951.9079272679868
39.1349894260119
813.4664186160834
133.35123767961144
255.0380823073123
563.0584854376743
563.3675965349306
110.94170197396768
431.25638132390196
593.794568546291
889.4726878372654
560.1587759273999
42.87090328083365
388.4797164641187
367.47733427395036
374.52219241796536
313.30093041219385
477.6637220527645
896.3456687679374
615.1980636059009
252.90247525584397
290.9558545627745
873.0991025863511
606.5981193460414
74.67919197633589
366.9740646594598
729.4155103477112
367.9364435879844
465.94997624698885
889.2760793361713
515.2754561008228
393.23040528273634
431.90048179331586
722.1916434588744
440.9262263243099
341.2491779342532
958.8276203085256
438.18338078960153
17.23828628566082
488.0355246671982
196.4066351059308
483.5383404416791
665.4755643673798
672.8663747793443
777.7225392933743
813.1046009326719
759.7092883092583
43.15613759236414
721.3598626721492
470.5006877236092
101.37281271437504
328.98783019300924
100.9414148796679
723.4096299659408
600.1836419526422
988.6899071843993
48.527617456026185
913.9641322990418
82.17192507098781
240.0678006989806
651.0904452243329
271.28502573500015
253.61355920211724
751.7337316427082
137.3960572603532
583.7268605928775
336.2351539119751
837.1520169185947
31.39901180980398
197.6466365199787
353.4439128224537
367.8655921001731
247.46965940860343
873.5524730797069
290.35776548433444
520.5543537745258
664.6104356290938
715.9075565418431
369.2891468140036
455.68639512686104
955.5066848993512
14.66232913665333
361.2332489140098
982.9614902701682
569.0305517790268
551.5941258644962
494.51025335239575
814.9305723240956
628.6166076090213
705.7743801767184
285.48222450287074
954.2047197260936
242.7885006320465
169.17827290855604
196.49024191218479
378.3451251293001
522.6605067867584
786.4247242115393
949.2225395716307
852.9763263998573
606.9171182408264
210.0188594251965
203.3470808411526
799.5245463149436
606.0279663646223
916.343599740749
459.91708991028037
652.8505884953963
811.9984685052975
375.48940029938007
299.3484558859427
28.48594469152177
496.82373824783645
853.9286670122224
697.0198127502944
385.6892343776237
865.3219279687573
701.7210637565184
892.9994094760907
576.20532483302
204.80487399360868
93.7068994311896
71.97514880881684
797.124609800586
952.9538813963302
260.7420277551141
298.83291205396233
479.0449858385799
760.4633325460001
965.7119479980385
604.7353061932299
809.8624848605588
278.74358622979645
719.5601855367826
690.759896439844
304.966551302736
155.824826796898
2.8485382847391882
228.55852286816747
334.5783513609013
585.8477576483774
311.2249094329548
359.0173611298479
151.74765348151254
73.98450241567545
167.15775985731253
231.7653435560455
385.5515107286418
508.11231569400894
534.3549657485602
610.5358767984833
703.062193097511
162.72905677255056
841.4861130074435
852.249735553617
9.96786558007079
308.8037616991726
215.5294700220287
232.53188267121948
66.37679688191866
412.91643648373986
624.2831874549363
48.09375101758051
739.1034993275838
640.8357775320864
328.5872498578291
822.649917152525
231.81626566068724
809.3439959517842
600.5051295979563
723.8015817474104
340.3521362528945
372.60947021903746
938.8791675050911
401.82602440172144
378.4652837926
86.4183971326572
297.61419852000824
814.3237019966376
255.66676741051643
584.0424395027636
701.2213938438522
805.1034087849581
201.657827403378
554.8478502719151
267.64013811020646
470.6715816346071
277.33518522950453
287.12694155965215
334.16762539456937
372.948155128466
958.8410915421672
615.980299957639
740.1526522142544
75.54651801421531
503.76826787599083
313.38577601234516
82.49061011468106
518.5107769371717
471.71612999640564
653.3680949190397
8.411478529595783
906.4843087040939
490.98677076013354
428.3713027685776
503.20213435093507
613.4407079562403
36.44202923767481
483.2737653437687
864.08363094266
663.2388075872078
787.8666135619216
186.34798143458596
748.2114873667955
562.3916065753098
803.0957062102092
614.519550855167
288.4066546662597
965.174059408824
384.6842598143342
445.72424439775773
552.2999784167852
316.9320351639019
784.0643068544413
877.2171925560627
390.32164336575147
861.3191183449625
505.8654427102088
786.8214188234836
236.29088894164008
583.517722068992
966.4357637106971
726.2735412585082
831.8950364684326
561.0628033936761
118.37191353743681
483.19760090930487
515.2201698916323
244.93486447742663
395.440628870859
708.837319137489
726.6941938910635
585.3936158213381
866.6810504727358
742.0448326999524
228.4353093086171
15.190575651729766
761.3366786667757
244.06239478968527
932.2353110268872
159.97940366576591
328.97637909813295
183.0704139998658
856.8063351020388
731.60257157666
677.4434551403085
697.239172011779
740.0879513002573
48.49830996821858
612.8071281897141
546.4242880100655
995.4649434206455
21.43617105530893
732.0131380569364
169.31635170650716
161.4137713178626
468.5101582707024
649.2700619821974
209.4402028745006
263.2479299649362
427.8378263165574
970.1006750990583
147.67519846195177
539.0299632245706
779.427329384418
644.374411877699
368.84798760492544
936.4875359332652
582.9380472332094
4.481437092263119
677.5674887339854
295.66214230440204
320.6641777547684
823.3890912973845
492.21447474496404
992.087312575271
343.3316978679073
475.93389219754033
752.8047482115227
279.89507425009674
809.9260759615388
454.1538914813448
538.7517497923064
815.0497894190673
762.8702835623213
176.40928753615137
737.1496933604839
319.29935014884103
263.1080129715462
21.694612202728614
54.78559388512394
646.683980918922
556.5801796819605
479.1079697143497
663.8253891871481
89.49800318848366
828.2577919390855
217.5045304236053
341.13660728527964
119.1685304786082
130.16483044276328
299.66318963592397
535.4622175536791
314.56569529539394
29.461523412490198
854.8468964153867
22.16896239239141
851.351113800358
111.77416466363266
237.37291844394315
677.2546346794205
445.6638186043883
817.4838506598037
729.2721933894096
657.1119906708439
654.1304308443135
258.6084322790968
805.9638546960031
986.8560978942371
791.0424645576848
861.5000373138885
78.09086865096137
62.42038961398999
585.602020596535
223.4434861989255
295.6518500344022
119.52039800537429
589.1879049231194
94.87446842293556
745.0266217628451
686.8045851510528
187.01947089731453
665.8728604177401
773.364175947019
553.8829372070735
441.31794755999744
967.4185343382153
86.74925403857092
922.969736781254
634.0864098638527
564.3400827286318
753.6350267386262
629.4351779266354
157.76431747511722
460.2430526107021
884.8981761563226
807.1996181996037
391.1375281699848
284.08780727850615
604.8426455151695
261.9450998186057
195.36946239798448
210.43049466055373
309.45492294704013
120.13232211232227
906.3654951544855
48.83643494163847
747.0409951108734
601.6561498918738
116.59104296805467
797.6745493591498
539.688672401381
714.9980157740504
280.86598585510734
99.0682851057031
393.09847925486275
912.3250690528981
264.5604980483878
804.2475977045015
45.9380235926945
293.98685692090976
942.9925798171204
18.113158884523806
253.23971491785713
968.3005137713208
524.7492957355147
19.883314947696906
711.4413228013634
212.9569359749096
228.73422105728858
786.5853067518475
513.4459380767729
449.35855982062725
278.26141864346766
237.2867311154012
715.5739090346474
956.4742064368295
125.8597212837318
243.88528949875177
969.5367195884899
504.4680414200502
826.9490591576752
741.9578898289857
888.2870588476818
356.3699756441296
5.150437572813971
60.99565687237918
602.8975828156072
344.7001166157229
763.1389859591776
671.9095967662101
275.14607725627314
586.1441962160948
430.1183712024209
224.49464619255076
60.18955541010052
294.95119592894946
765.8789755944736
534.2465216908664
944.521466851808
107.1524219457265
272.10698378468436
372.7169503126906
777.1238057187659
889.8671358684315
545.6044637051326
759.5021297424028
54.97257496817953
788.1727103653808
156.82150702639308
242.5498279718058
166.74154603422886
141.71000171328308
272.6268700121219
499.00541335775637
524.3509605348389
819.2549069543511
419.4863863558583
543.2604839804537
252.63092670110865
811.9556151401542
568.1646839062377
157.55988642756535
859.9748260797088
233.96237131301146
929.4123836248825
893.3928619199111
842.8824742160394
739.0219464261489
803.4730147826475
562.5730350843297
43.373013460156095
281.3481816170783
558.4555153041457
526.2093682844235
131.21991359337903
571.8182811966415
227.3030832707804
144.42459827423903
105.83912860370681
578.1827477889759
831.947875520565
426.61323447035704
333.76078018429314
420.02109030878455
182.9854236826388
711.9674808590162
288.0286951928519
4.297022419068597
159.63076099325514
296.20599210180933
712.1720700243575
495.7977983406635
601.92340619996
12.320177963888845
608.9995305212959
797.9446632524213
71.14290853430283
916.2818277231945
57.57656103778819
642.1830323393663
384.37667097604213
419.8043324719709
235.25007676778597
410.5953994942595
314.20648371574975
457.0509037564483
660.3331686734313
808.0090717056745
353.8377009801932
880.5717264079613
171.20010555670083
884.4884461223907
901.728592873265
929.0173723149016
423.35204393453864
713.1506059333886
898.1060225874317
997.3132522579966
848.863526829478
774.3763178629672
168.7251668777895
466.2795200729013
146.285460755465
614.6823800015695
110.80349592004323
959.6465852848524
317.8610730702632
830.850455607271
876.394210705273
660.1225380438582
632.3878061538177
427.8775649534643
318.7857582881848
29.879753986537526
386.03912713383016
193.20339308899736
669.8309404871324
442.35761863366184
798.2115171401181
904.382378867478
124.1989903270746
45.44541526831647
912.4226846913193
473.1741420800533
592.6936770114481
422.0958921769932
136.26932479437104
65.65047526805989
521.5842986276424
272.80459462256067
54.32432157811184
272.9267849381766
605.2983513401182
298.76504060414055
554.2343427065582
416.8993333183242
795.547887960814
490.6926427818058
647.4880400032843
132.95888312434766
225.96942773128004
146.31696664621774
444.30093694663964
589.1885639403491
446.22770490114914
106.97878750741252
569.6991710364589
901.2703644096325
994.7841176399958
78.38306636325821
805.2712312067529
534.9468559790661
237.9273550809893
110.19494956891485
212.83082284244725
486.3512058189143
708.3368860455013
426.8927210273603
977.5982687400268
52.414257967329014
441.02036765345207
69.86483983683267
497.27449684802104
465.31918122722857
243.91448642718206
70.59643843759412
545.9644218046428
546.5299990013008
510.61946659262435
735.3655984652322
590.5487987088212
348.49134962004405
807.2587275475726
869.1511773593206
853.4094596145957
948.8250095673661
792.6305489112154
411.58491185555977
614.6868851160809
246.9360680040993
918.2782769669527
336.9597932387555
991.8893690925844
780.3017530777914
619.3139981214136
249.09600371586592
778.8844561461558
130.3876052928341
580.0342296414942
171.56915805407203
600.1742628194845
879.7299714647432
46.559450248117585
930.2953137299268
472.188689835529
213.08640232757327
33.10694048434504
138.18497709939993
419.59968250263734
686.2726583259783
494.2663465257441
43.94109885806407
527.57115693135
330.6907212057061
258.2885523821763
734.1895269247092
167.9121572099087
924.1613964635357
505.88617916812586
431.52565531846386
868.7443426697369
513.6168336020748
697.8454445854532
247.49253003568538
50.29225105212076
901.5127815047819
974.0345335332414
468.5490883111071
546.8496202271982
360.3118545450973
219.5435824123978
261.3042207733107
879.6337491123167
755.1623545532896
290.56675580241944
835.7133724528202
181.07951307527927
623.0594262111487
842.4234074681934
607.755925898046
165.2594989499402
431.6630560758945
988.3540367098146
558.9578057566877
264.32715952989196
985.107627424773
985.9147671639214
633.3218038458668
931.1181420887356
478.2277271732938
262.997854504605
455.06202966408114
735.4906055115079
977.7626936748973
785.6743101169599
335.19007956990333
901.3512330575865
409.9556280377379
530.3990238875955
144.0197640301415
144.9419543700311
37.851705048382534
55.95807119491103
173.0461314978846
245.93124759012653
247.92115374799528
488.4531618425465
737.9298144493475
91.17069327036076
778.1810315275864
178.54676315613028
582.5752652666889
269.09071355486424
544.865391952615
653.1252919540619
205.5485313484361
731.7219542056038
804.294673499328
658.6258312255067
44.11941108488882
5.121843634577572
693.0979940482653
457.38074549643704
904.9073108341395
640.3667133697385
96.68508388348762
131.08178581539653
659.786111393878
92.61194366104031
510.23663012357247
838.1409951447428
749.8373746747114
547.9180081650246
296.7909768511331
660.3018923404761
21.521122280660386
999.2222353746129
543.0758612772149
42.72671130292671
770.7832550090262
597.2032428717325
218.62494878871308
933.3916071235329
525.5787774939599
507.07954604967784
754.5035295367858
112.18646541623423
137.47593449879102
745.1109210471012
419.1725903229703
936.3238880127482
849.5723775844496
785.4656039827378
616.8463252463217
297.2371010236118
652.2622241298255
504.5951677838103
585.4632019644655
433.7120309801149
746.5132427291322
668.490513018135
968.9791766305192
172.69220131139272
708.026600151833
575.9805852663919
183.20466864042584
151.80304947799317
693.8086805652839
62.45776866830832
308.666402576508
993.226924636628
52.48549573026917
397.74708711074845
929.3054998607033
930.0279393434305
620.3223634011783
30.580111894347507
859.4275011052372
926.1194501414166
123.36978531087306
180.4995522739654
798.9069027515583
373.2955559835057
905.6703508024209
946.4209082057837
81.3820269693849
172.8783420883705
810.0942678100089
27.1812931699843
71.82332251326129
691.6988462014257
954.0954042908174
153.3400744857073
382.4296843514546
951.5614972392277
453.31389478380635
466.1001898571682
793.1176764692714
221.19257140179639
942.2478754299249
987.3572502184282
25.921042624390324
110.07472557459653
998.4431304915886
925.0508947985915
248.06421305724047
477.812970853171
845.2921610430066
119.9240103412712
438.4883125216553
716.0764789682345
764.5673449493133
743.4596623086288
698.9829090610151
92.8987113580011
558.7948821560767
386.41179374297053
684.1379099573956
462.1196479320069
833.022492060779
921.9651923600272
518.4260446774751
1.7684599685112712
501.63211696692935
621.5636277723659
304.824713726824
174.32248032400787
487.02526681434955
28.470102833462295
652.5270622857441
447.1541517724631
791.6943809489785
229.33919883686005
785.3167262587629
88.85571936362457
883.8662900279282
628.6364363881825
366.57933047482396
813.5572230436492
795.8276807738231
555.2607241488025
770.1985737672959
355.93556295948736
703.0000103511742
193.35210972243112
13.242104231688812
972.4802391142266
193.1505630829281
464.88640580424953
839.7845361279008
654.0615605689009
572.278115018724
903.5423219641674
656.7232785636681
763.8183435730144
699.6479748423978
581.233109245878
879.1140075484693
128.84973919072073
459.2949770519866
178.217685789394
333.9485537245856
801.3963550062889
939.2855579446615
152.89232271465892
114.63731673188404
163.19593317737935
524.779170157522
629.8595492760495
57.218245068532795
219.96239006534302
453.14474421354936
176.83970768339918
443.42277854543124
927.8357096836794
221.51894314601373
739.1432931779359
278.7186463821788
586.9335297150179
199.26857837826273
998.1567441854859
310.6932772144413
3.3912121672626805
19.080268020562507
24.28820732877557
312.14575430824533
311.3150121162976
391.00413386321253
793.0329263176969
660.097639445349
929.816562396941
582.365954129453
112.00409906216923
36.00374123996042
698.0423645704769
789.4261975448823
161.1506074655348
526.2928910548287
862.6429161775117
301.59516229338345
323.218507258047
371.073420718697
256.7517223896735
879.2690404322018
838.4170992457189
255.0602087329067
275.47819918450733
765.6094096614121
531.5627081119293
949.638716880372
627.75069318043
919.0896253875488
850.2213312069618
893.1847376648767
720.0200402234445
299.13485643548586
564.4678826912428
695.4345786139754
549.8722906158243
432.2827162156556
707.7262715847025
609.2880012813191
560.1181153746072
452.12049629895347
573.5933835129086
62.57576167611789
312.4333943787373
160.51948160128694
512.647542511544
790.2816329493933
870.7527832939174
150.60778805045982
551.6798391049031
568.9445581839428
885.6749458932148
432.5022848729096
898.0873059536024
330.02292273257063
195.1187257112461
156.06781110957058
534.7095248406245
138.1427024668259
402.5449163671425
412.784096926084
249.4079208516643
20.55196242121726
960.2421781879946
374.7536302606893
116.59353003690154
820.5259226507538
74.92643419026912
196.53090073774416
320.9805721633299
246.3477173096472
963.6568709526626
955.3943804143346
14.875280855568995
570.5555986273135
250.9806773008889
253.4602752623656
752.6355182658249
206.82747936869006
338.9121262661409
720.6249098567042
145.3489948310318
938.0685741784783
570.6423702107353
436.93369749932555
465.4903945613843
888.6785472516179
924.7217305166122
997.0297631660122
985.3346946075188
399.8988919629247
182.27902146206475
959.364722417792
389.17399199720626
131.92019717058912
44.39221360204104
179.26785703743508
528.3138000583401
429.4979498936885
188.2291833644373
877.1064759999836
500.0557346655652
96.30287012639526
845.1158759421251
604.7209215062817
156.01834095464727
975.0083121489315
522.9512978923942
616.2097429431225
349.601124287965
703.6162926202336
552.8534711899509
979.6626484149789
390.62609700765296
969.1969435929545
555.3896431214677
163.23737254468728
128.05518811820738
835.1592684641254
571.1705069070055
543.5161380614034
213.7178857990276
975.3707418762144
377.69124964728604
261.3645524661263
446.61620814480574
921.6345594885854
962.6715214454042
648.2727243827835
454.18882415197004
300.1545355243059
626.6437536378032
232.1510567646823
503.0959092789028
354.94269497273723
963.4699540528343
210.17842775157814
893.3714093619029
42.79642962273711
625.071843661689
845.9039581755171
921.732661912453
1.6686939077399376
285.13830482553004
414.84809831611915
659.4901040264231
412.99276968850484
863.0488811240507
817.4035330745934
185.09433164143385
33.37993064383416
72.9682069233415
172.74933539367242
393.18327724789924
105.45389460980925
244.34508434286317
444.27049672757926
836.330835841488
242.6164496783254
555.179321501959
849.9963780543384
648.1537885347003
513.8919779149595
49.2229607421053
444.92091862753813
134.9982068895218
362.37606756000275
650.0737641206745
351.40777337697915
873.7144151499377
38.51486429420659
116.32419289627649
988.6512685996689
637.1448400562441
309.2935992011305
561.7620769720935
259.2195773023811
757.4010461347317
432.56590868529696
592.0327155982594
839.9707685368031
917.6794661330694
989.0366830837803
998.1306359185813
457.0864737514071
912.2042227154737
910.6738963618337
574.3996138800836
310.38236970962816
278.50681239552245
39.359871293302206
778.4316815975897
362.013388941515
937.2222127793641
101.25744175339646
311.30055563415436
292.85739833801284
884.8547468998012
88.4386528882678
216.89733576963198
205.69422409625793
186.02049913717255
288.36211496379417
854.4080233717572
0.0585345453775199
964.114399310821
687.9420561928569
2.336795052060303
833.3147994742286
332.5545890941395
332.3559593937783
213.24653262087634
234.02334521271484
663.9785190425666
561.672038313788
891.2704297944231
928.8690936191033
450.2120316553617
95.54395395574477
938.7351592816225
88.16776519306934
29.523175316848782
280.8151530935513
295.9779347270091
493.3529814724374
929.6970220816528
14.872016718013302
952.3670938218353
977.7713238499136
163.18558593433775
100.09558161962151
315.4979703058708
225.7621865711088
284.31910069606903
412.55167486912745
357.70469595729026
721.835794410143
213.26788797842568
758.2430552171465
691.0537108694922
379.87133311934684
127.37032080896782
398.1080583528722
466.9681768686181
915.0297581599679
600.0818703816308
265.18340510089513
209.1293321096419
984.6314745765052
54.53221373583283
359.85649627483974
769.1164818585108
664.8825625608098
342.4319115662187
205.14157410180755
94.07758401513999
476.6154277042662
698.9580516105276
619.7093845695091
545.3215820643301
802.4409869537566
207.82997275625303
5.664280270157196
361.83251057031305
209.02547901088607
961.0453311882903
259.1567909288913
336.9433664887972
370.13582067078664
